-80.064	        26.9422
-80.064	        26.9422
-80.064	        26.9422
-80.064 	26.9422
-80.064	        26.9422
-80.064 	26.9422
-80.064 	26.9422
-80.9063	29.0787
-80.9063	29.0787
-80.9063	29.0787
-80.9063	29.0787
-80.9063	29.0787
-80.43745	27.86276
-80.43745	27.86276
-80.43745	27.86276
-80.43745	27.86276
-80.43745	27.86276
-80.43745	27.86276
-80.43745	27.86276
-80.43745	27.86276
-80.1389	27.1688
-80.1389	27.1688
-80.1389	27.1688
-80.1389	27.1688
-80.1389	27.1688
-80.1389	27.1688
-80.1389	27.1688
-80.1389	27.1688
-80.2831	27.4749
-80.2831	27.4749
-80.2831	27.4749
-80.2831	27.4749
-80.2831	27.4749
-80.2831	27.4749
-80.2831	27.4749
